3
6
10
11
13
14
15
17
19
20
22
26
28
34
36
39
40
45
52
54
57
59
60
61
63
64
68
71
75
76
78
87
89
91
94
98
99
109
114
116
121
122
130
132
137
144
147
151
155
157
167
171
172
181
183
185
194
207
210
214
220
221
223
226
227
229
233
234
246
247
254
256
262
272
278
281
285
289
299
301
305
307
308
309
312
313
314
320
321
327
328
330
335
338
341
346
364
369
375
376
379
381
382
387
397
398
399
400
402
403
408
416
427
428
433
437
438
444
448
454
456
464
467
469
475
477
479
484
485
486
488
497
500
502
505
526
529
535
539
540
547
550
555
557
558
562
564
569
570
572
574
575
580
582
602
604
606
608
616
619
620
623
630
632
633
635
636
637
640
651
659
661
669
672
677
690
691
692
694
705
707
709
712
713
717
718
719
721
727
732
733
739
742
743
744
746
752
757
759
764
770
773
774
776
777
778
780
781
789
791
795
797
798
806
807
808
811
818
819
824
826
829
835
839
842
846
849
853
854
859
864
867
868
873
882
883
886
888
891
898
902
903
909
915
916
917
920
923
928
937
943
946
960
971
972
979
981
985
989
997
999
1000
1002
1004
1010
1013
1016
1020
1022
1023
1026
1037
1039
1041
1042
1043
1048
1050
1055
1060
1061
1062
1064
1067
1068
1072
1074
1077
1080
1085
1092
1097
1101
1103
1106
1107
1117
1120
1123
1128
1129
1130
1132
1134
1136
1137
1138
1140
1142
1148
1156
1162
1166
1178
1182
1185
1192
1193
1194
1208
1209
1211
1214
1215
1219
1221
1223
1227
1242
1243
1244
1247
1249
1250
1256
1257
1259
1262
1264
1265
1266
1270
1275
1283
1284
1285
1286
1289
1294
1296
1303
1307
1316
1318
1329
1332
1334
1337
1339
1341
1342
1345
1346
1349
1350
1352
1353
1354
1363
1365
1366
1383
1392
1395
1397
1403
1409
1410
1412
1416
1417
1418
1424
1430
1431
1432
1435
1437
1447
1448
1450
1454
1464
1466
1468
1474
1475
1478
1482
1487
1488
1491
1492
1498
1499
1503
1509
1510
1522
1532
1533
1539
1546
1552
1553
1559
1565
1574
1581
1582
1584
1586
1588
1593
1598
1604
1605
1608
1611
1612
1616
1620
1632
1636
1642
1644
1645
1648
1649
1651
1653
1657
1659
1660
1661
1664
1669
1671
1675
1679
1684
1691
1696
1698
1700
1707
1709
1711
1712
1713
1718
1719
1721
1726
1729
1734
1738
1739
1740
1748
1751
1753
1757
1760
1766
1767
1769
1783
1784
1785
1791
1792
1805
1815
1820
1821
1829
1830
1831
1837
1839
1842
1843
1845
1851
1852
1856
1859
1860
1862
1864
1865
1866
1872
1874
1883
1890
1892
1894
1904
1905
1918
1921
1928
1935
1939
1941
1945
1946
1957
1964
1977
1978
1979
1981
1982
1984
1986
1996
1998
1999
2005
2010
2022
2032
2034
2041
2045
2047
2054
2057
2067
2071
2081
2083
2084
2090
2093
2094
2096
2102
2103
2106
2111
2123
2124
2130
2131
2142
2144
2148
2151
2153
2158
2163
2174
2176
2179
2181
2185
2188
2198
2199
2200
2201
2202
2204
2205
2211
2223
2224
2225
2226
2229
2237
2251
2256
2262
2268
2275
2292
2297
2304
2308
2320
2335
2337
2338
2349
2352
2356
2360
2362
2366
2367
2369
2370
2371
2378
2384
2386
2387
2388
2391
2394
2396
2404
2406
2407
2408
2419
2420
2421
2424
2438
2443
2446
2453
2456
2457
2458
2463
2465
2480
2488
2499
2503
2505
2508
2515
2518
2519
2520
2525
2527
2528
2533
2535
2541
2544
2554
2555
2563
2566
2567
2575
2577
2578
2580
2589
2591
2595
2603
2609
2618
2619
2626
2639
2640
2644
2651
2652
2654
2661
2663
2664
2665
2667
2674
2677
2679
2682
2689
2690
2695
2697
2701
2702
2705
2708
2717
2724
2728
2731
2734
2740
2742
2743
2752
2754
2757
2758
2761
2763
2772
2774
2775
2777
2779
2784
2787
2788
2798
2799
2800
2803
2807
2820
2829
2831
2834
2836
2841
2842
2850
2851
2855
2859
2862
2863
2867
2868
2875
2880
2884
2885
2892
2895
2897
2899
2905
2912
2913
2914
2920
2925
2926
2928
2931
2933
2938
2943
2945
2946
2947
2951
2952
2960
2966
2982
2984
2986
2988
2989
2995
2996
2999
3002
3003
3004
3008
3020
3035
3038
3039
3040
3044
3047
3049
3054
3058
3060
3061
3062
3065
3068
3072
3073
3074
3078
3080
3082
3089
3090
3091
3099
3103
3105
3106
3108
3116
3118
3122
3127
3128
3130
3139
3144
3145
3146
3155
3157
3163
3165
3166
3167
3172
3178
3181
3190
3191
3193
3194
3196
3198
3206
3207
3210
3215
3216
3223
3225
3227
3235
3238
3241
3245
3246
3253
3265
3268
3273
3274
3275
3277
3282
3286
3298
3302
3307
3315
3317
3318
3320
3327
3328
3331
3335
3341
3344
3345
3346
3350
3357
3364
3365
3368
3371
3376
3380
3382
3384
3385
3389
3390
3391
3395
3401
3406
3408
3421
3428
3430
3431
3433
3442
3444
3469
3473
3480
3482
3485
3488
3489
3492
3493
3497
3501
3505
3506
3507
3517
3520
3526
3530
3532
3534
3536
3537
3539
3540
3542
3547
3550
3555
3561
3562
3564
3569
3573
3574
3577
3578
3581
3585
3587
3591
3594
3595
3602
3610
3613
3614
3616
3621
3624
3641
3642
3643
3644
3647
3655
3657
3661
3662
3674
3679
3689
3692
3694
3699
3704
3709
3715
3730
3731
3732
3733
3736
3738
3743
3749
3752
3763
3769
3772
3777
3781
3782
3783
3784
3791
3792
3796
3797
3799
3800
3801
3810
3814
3818
3824
3826
3827
3830
3834
3837
3855
3857
3859
3864
3866
3870
3880
3882
3886
3887
3897
3902
3904
3907
3911
3912
3913
3915
3925
3926
3928
3929
3938
3950
3953
3957
3973
3975
3977
3982
3985
3987
3989
3991
3995
4000
4008
4010
4013
4014
4015
4019
4022
4025
4031
4032
4033
4050
4059
4060
4066
4068
4071
4072
4079
4084
4098
4100
4104
4106
4107
4109
4111
4115
4128
4134
4141
4145
4146
4153
4154
4156
4158
4159
4163
4166
4173
4174
4175
4176
4178
4180
4182
4184
4186
4189
4193
4206
4208
4209
4219
4224
4225
4230
4236
4237
4238
4244
4250
4253
4255
4260
4262
4263
4264
4267
4275
4277
4278
4283
4285
4286
4288
4290
4294
4298
4300
4301
4303
4304
4305
4312
4313
4320
4321
4323
4324
4325
4328
4331
4333
4335
4337
4338
4341
4342
4344
4348
4351
4358
4364
4366
4370
4371
4376
4377
4380
4383
4384
4386
4388
4389
4390
4393
4399
4400
4402
4405
4417
4419
4422
4424
4434
4443
4452
4453
4456
4466
4470
4473
4476
4478
4480
4481
4486
4488
4489
4492
4496
4497
4502
4513
4520
4522
4527
4528
4529
4533
4543
4547
4549
4557
4559
4569
4574
4577
4582
4583
4585
4586
4588
4590
4591
4592
4597
4598
4603
4606
4608
4611
4613
4615
4624
4629
4632
4634
4644
4645
4646
4648
4649
4660
4669
4671
4672
4674
4678
4679
4685
4689
4698
4701
4704
4709
4711
4719
4725
4726
4727
4730
4735
4737
4741
4744
4748
4750
4757
4765
4768
4769
4777
4784
4792
4794
4800
4813
4814
4815
4822
4830
4835
4838
4847
4853
4856
4860
4861
4870
4875
4880
4881
4883
4889
4892
4895
4897
4900
4901
4904
4905
4908
4912
4915
4916
4917
4918
4923
4924
4927
4929
4939
4940
4943
4950
4951
4959
4960
4964
4971
4973
4974
4987
4990
4993
4994
5003
5005
5017
5019
5022
5028
5043
5045
5061
5068
5078
5079
5082
5085
5087
5088
5091
5092
5093
5095
5096
5098
5099
5101
5107
5108
5109
5121
5124
5125
5131
5136
5141
5143
5145
5147
5148
5152
5154
5161
5162
5164
5168
5176
5177
5180
5189
5193
5208
5210
5213
5216
5217
5219
5220
5223
5230
5232
5242
5246
5248
5251
5259
5260
5261
5268
5274
5282
5283
5287
5288
5290
5297
5299
5301
5303
5306
5314
5316
5317
5323
5331
5343
5348
5350
5353
5355
5356
5359
5369
5372
5379
5388
5389
5391
5397
5399
5400
5403
5404
5408
5421
5429
5437
5438
5441
5442
5445
5449
5450
5471
5474
5476
5478
5480
5485
5487
5488
5489
5493
5499
5502
5508
5510
5511
5513
5515
5518
5522
5523
5527
5530
5531
5538
5540
5546
5551
5555
5563
5564
5567
5568
5572
5573
5575
5576
5588
5589
5591
5592
5603
5604
5605
5606
5607
5609
5610
5612
5617
5622
5623
5628
5634
5636
5640
5641
5642
5647
5650
5651
5653
5656
5661
5662
5665
5667
5672
5679
5680
5681
5688
5690
5692
5693
5699
5702
5704
5707
5708
5709
5713
5716
5717
5721
5725
5728
5735
5739
5740
5745
5746
5749
5752
5753
5754
5759
5765
5777
5781
5784
5787
5790
5791
5795
5798
5800
5801
5808
5809
5810
5820
5826
5832
5833
5837
5840
5842
5844
5848
5851
5863
5869
5873
5874
5875
5878
5882
5884
5886
5888
5891
5893
5901
5902
5904
5907
5911
5919
5921
5923
5924
5928
5929
5939
5943
5946
5957
5963
5964
5965
5968
5974
5978
5981
5984
5991
5994
6000
6004
6005
6011
6012
6025
6039
6042
6046
6047
6052
6053
6059
6062
6066
6074
6085
6087
6089
6092
6100
6102
6112
6125
6126
6133
6137
6139
6151
6156
6158
6167
6169
6170
6174
6183
6190
6196
6197
6198
6200
6202
6206
6208
6209
6211
6213
6217
6226
6227
6236
6240
6245
6249
6259
6260
6262
6267
6268
6278
6279
6280
6287
6288
6291
6294
6299
6301
6302
6310
6317
6320
6324
6326
6328
6332
6335
6336
6342
6345
6366
6367
6383
6384
6385
6389
6390
6395
6399
6400
6405
6410
6420
6422
6427
6429
6430
6431
6433
6435
6437
6439
6440
6442
6443
6452
6455
6465
6471
6472
6488
6489
6490
6492
6494
6497
6498
6500
6505
6507
6508
6510
6513
6516
6518
6520
6521
6527
6534
6537
6540
6541
6542
6543
6544
6547
6549
6551
6554
6570
6571
6577
6585
6588
6591
6592
6608
6615
6622
6623
6626
6629
6631
6637
6640
6642
6647
6650
6652
6657
6662
6663
6665
6667
6668
6680
6681
6686
6695
6700
6704
6705
6707
6713
6714
6717
6718
6723
6725
6732
6735
6739
6741
6758
6761
6762
6765
6766
6772
6777
6787
6788
6791
6793
6796
6799
6807
6808
6811
6819
6820
6823
6824
6825
6826
6827
6830
6837
6841
6844
6853
6857
6861
6866
6867
6870
6874
6876
6879
6887
6891
6892
6893
6895
6896
6899
6901
6904
6905
6907
6909
6915
6916
6919
6924
6927
6933
6934
6936
6943
6946
6950
6955
6957
6959
6960
6971
6972
6974
6982
6984
6986
6988
6990
6997
6998
7003
7006
7007
7010
7019
7020
7021
7027
7028
7034
7036
7041
7043
7044
7049
7051
7055
7056
7061
7064
7072
7076
7080
7082
7083
7084
7085
7099
7105
7108
7111
7112
7113
7118
7122
7129
7130
7131
7133
7135
7137
7148
7150
7152
7155
7156
7163
7167
7171
7175
7176
7179
7184
7188
7189
7194
7197
7202
7203
7205
7206
7207
7222
7223
7228
7235
7244
7247
7251
7253
7254
7256
7261
7263
7266
7270
7273
7275
7276
7280
7283
7285
7287
7289
7290
7296
7298
7304
7306
7307
7309
7314
7329
7330
7332
7334
7336
7337
7338
7342
7345
7346
7347
7358
7368
7369
7371
7374
7379
7380
7383
7397
7401
7406
7407
7414
7417
7418
7420
7423
7424
7440
7442
7443
7445
7446
7449
7450
7452
7459
7478
7481
7484
7486
7487
7496
7504
7509
7511
7527
7530
7532
7533
7540
7548
7557
7559
7562
7563
7565
7589
7597
7600
7602
7606
7609
7611
7614
7615
7619
7621
7622
7626
7627
7632
7635
7637
7638
7640
7644
7646
7647
7650
7652
7663
7668
7669
7670
7674
7680
7687
7689
7691
7692
7694
7696
7698
7700
7703
7706
7707
7710
7715
7721
7723
7733
7735
7736
7741
7747
7757
7761
7763
7764
7768
7774
7777
7781
7792
7794
7799
7808
7812
7813
7815
7821
7822
7823
7825
7831
7835
7836
7840
7844
7857
7859
7864
7865
7868
7872
7873
7883
7886
7895
7898
7899
7906
7912
7915
7922
7926
7930
7932
7936
7939
7941
7944
7945
7948
7955
7957
7958
7960
7963
7968
7971
7975
7981
7983
7992
7993
7995
7997
8006
8007
8011
8013
8016
8027
8030
8036
8045
8048
8049
8061
8062
8063
8064
8067
8069
8070
8086
8089
8094
8098
8103
8109
8115
8118
8125
8132
8134
8137
8146
8147
8149
8151
8152
8155
8163
8170
8171
8186
8195
8196
8200
8202
8203
8207
8221
8222
8224
8238
8241
8242
8250
8257
8261
8262
8264
8266
8274
8276
8282
8293
8300
8301
8302
8309
8311
8312
8313
8318
8321
8331
8340
8345
8346
8352
8353
8359
8366
8377
8378
8381
8385
8388
8391
8394
8403
8414
8416
8419
8421
8422
8425
8426
8430
8435
8436
8442
8443
8444
8450
8452
8454
8463
8467
8468
8476
8477
8479
8480
8481
8482
8485
8488
8497
8500
8504
8505
8519
8539
8540
8541
8542
8545
8548
8553
8559
8561
8562
8568
8569
8571
8572
8574
8575
8579
8582
8583
8586
8593
8599
8607
8608
8609
8620
8621
8624
8626
8631
8635
8637
8638
8640
8644
8646
8649
8651
8654
8665
8675
8680
8685
8692
8693
8698
8703
8704
8705
8708
8709
8716
8718
8724
8726
8729
8732
8733
8735
8744
8745
8746
8747
8750
8751
8755
8758
8759
8762
8763
8765
8766
8767
8769
8772
8773
8774
8778
8780
8781
8782
8786
8787
8790
8791
8801
8804
8819
8823
8824
8827
8832
8836
8846
8852
8856
8858
8866
8869
8870
8877
8884
8886
8887
8892
8903
8905
8906
8907
8909
8917
8918
8920
8924
8926
8927
8931
8934
8940
8947
8948
8951
8955
8957
8958
8960
8962
8965
8966
8969
8971
8977
8981
8982
8986
8989
8994
8996
9000
9001
9006
9009
9011
9014
9017
9018
9019
9026
9027
9029
9030
9031
9043
9050
9059
9066
9068
9070
9081
9082
9085
9090
9104
9105
9108
9109
9116
9118
9120
9123
9124
9130
9132
9136
9138
9140
9143
9145
9146
9148
9150
9157
9165
9166
9167
9174
9175
9177
9182
9185
9187
9195
9196
9205
9215
9221
9227
9230
9238
9239
9241
9242
9243
9252
9256
9260
9261
9263
9264
9266
9268
9272
9276
9280
9284
9288
9290
9292
9301
9306
9308
9311
9312
9320
9325
9327
9329
9337
9340
9341
9346
9350
9351
9353
9355
9359
9360
9364
9367
9368
9369
9376
9378
9381
9382
9385
9386
9387
9388
9391
9403
9405
9407
9408
9409
9413
9414
9417
9432
9436
9439
9443
9452
9455
9456
9461
9465
9466
9469
9471
9472
9489
9490
9500
9501
9506
9508
9511
9525
9531
9533
9538
9539
9551
9552
9556
9561
9565
9570
9573
9578
9586
9591
9594
9598
9600
9602
9612
9617
9628
9631
9640
9645
9650
9654
9656
9661
9666
9674
9676
9677
9679
9682
9683
9684
9687
9688
9692
9693
9695
9701
9703
9705
9707
9709
9712
9725
9729
9732
9735
9754
9755
9759
9782
9783
9784
9786
9791
9793
9804
9805
9807
9808
9809
9810
9814
9822
9823
9827
9828
9832
9841
9843
9847
9850
9852
9853
9854
9859
9860
9870
9882
9888
9890
9901
9902
9903
9907
9910
9911
9920
9922
9926
9928
9929
9930
9935
9936
9943
9944
9945
9949
9951
9954
9958
9961
9978
9979
9981
9986
9990
9996
10000
10004
10007
10016
10020
10022
10023
10024
10029
10031
10032
10038
10043
10044
10048
10051
10052
10055
10056
10057
10058
10060
10061
10064
10068
10074
10075
10084
10089
10090
10094
10096
10097
10099
10104
10108
10111
10114
10115
10116
10117
10127
10137
10138
10140
10149
10150
10165
10168
10169
10171
10173
10174
10175
10178
10188
10191
10193
10199
10202
10204
10205
10208
10209
10212
10213
10216
10225
10227
10240
10242
10252
10254
10263
10265
10270
10271
10272
10275
10280
10284
10288
10290
10291
10299
10300
10301
10302
10305
10310
10320
10327
10328
10341
10342
10350
10355
10356
10357
10363
10368
10375
10377
10378
10381
10382
10383
10394
10402
10403
10404
10412
10420
10421
10422
10423
10427
10430
10431
10432
10433
10434
10439
10447
10452
10453
10455
10457
10469
10474
10479
10480
10488
10489
10492
10499
10503
10505
10509
10513
10527
10531
10539
10542
10543
10547
10549
10556
10561
10574
10577
10584
10588
10590
10604
10607
10611
10616
10622
10625
10626
10627
10631
10640
10642
10646
10649
10654
10658
10660
10661
10665
10694
10696
10699
10701
10704
10710
10715
10718
10719
10721
10735
10737
10738
10739
10740
10746
10752
10758
10761
10763
10764
10768
10774
10779
10783
10785
10788
10790
10794
10803
10807
10815
10818
10819
10832
10851
10859
10860
10864
10871
10872
10884
10887
10888
10889
10897
10898
10899
10902
10903
10907
10917
10918
10922
10929
10931
10935
10936
10937
10943
10946
10949
10952
10959
10960
10963
10965
10973
10974
10983
10985
10992
11001
11007
11022
11028
11032
11042
11043
11061
11064
11066
11069
11072
11073
11082
11084
11085
11089
11092
11104
11105
11106
11112
11122
11128
11129
11130
11134
11137
11143
11147
11151
11152
11153
11162
11163
11168
11172
11177
11178
11182
11185
11188
11189
11198
11200
11204
11205
11206
11208
11213
11214
11216
11218
11223
11227
11228
11232
11235
11242
11252
11253
11257
11272
11274
11275
11278
11279
11284
11290
11294
11295
11298
11306
11317
11320
11324
11325
11336
11337
11339
11348
11349
11351
11352
11354
11367
11378
11380
11384
11389
11396
11406
11411
11412
11413
11415
11422
11424
11427
11428
11429
11430
11435
11437
11440
11442
11443
11444
11448
11450
11455
11461
11464
11470
11477
11480
11497
11514
11517
11524
11525
11527
11530
11531
11532
11541
11548
11553
11556
11557
11558
11565
11572
11576
11582
11594
11596
11599
11603
11606
11607
11612
11613
11614
11617
11618
11619
11624
11627
11631
11639
11641
11642
11643
11648
11660
11672
11673
11679
11680
11682
11687
11690
11695
11696
11697
11705
11708
11714
11716
11717
11728
11729
11735
11741
11755
11762
11763
11768
11770
11776
11784
11794
11795
11797
11799
11803
11816
11818
11828
11833
11837
11839
11840
11841
11843
11852
11853
11857
11858
11859
11863
11865
11869
11870
11871
11874
11877
11878
11880
11882
11885
11886
11889
11892
11893
11895
11896
11900
11904
11906
11910
11912
11919
11921
11926
11929
11932
11934
11936
11945
11947
11951
11953
11956
11957
11959
11960
11961
11964
11968
11970
11979
11981
11983
11998
12001
12014
12016
12017
12018
12020
12021
12029
12031
12034
12040
12041
12043
12051
12067
12068
12070
12077
12080
12083
12084
12085
12089
12092
12099
12103
12104
12110
12118
12119
12120
12128
12139
12142
12143
12150
12151
12158
12160
12161
12163
12171
12172
12176
12178
12185
12203
12210
12222
12223
12232
12236
12238
12241
12243
12250
12257
12260
12271
12274
12281
12282
12289
12295
12296
12297
12303
12304
12312
12314
12317
12320
12323
12324
12326
12327
12340
12353
12354
12362
12367
12371
12372
12378
12379
12381
12384
12387
12388
12392
12398
12399
12400
12402
12405
12406
12409
12416
12420
12422
12427
12428
12429
12431
12432
12433
12434
12435
12437
12453
12456
12459
12462
12463
12473
12481
12482
12483
12486
12487
12489
12494
12495
12503
12512
12525
12526
12543
12557
12559
12560
12563
12570
12573
12579
12580
12582
12586
12592
12616
12628
12634
12639
12647
12656
12661
12662
12678
12680
12681
12687
12690
12695
12698
12700
12703
12705
12708
12725
12733
12752
12774
12797
12799
12808
12816
12824
12828
12829
12856
12863
12876
12892
12902
12907
12913
12935
12951
12953
12960
12962
12975
13003
13004
13023
13024
13042
13047
13062
13069
13089
13099
13106
13117
13123
13124
13144
13155
13162
13165
13169
13177
13183
13184
13189
13197
13200
13209
13216
13222
13224
13231
13242
13244
13255
13257
13276
13278
13303
13323
13325
13328
13331
13333
13339
13345
13346
13360
13361
13362
13364
13372
13374
13382
13397
13406
13408
13410
13414
13432
13436
13443
13444
13459
13461
13466
13476
13482
13487
13497
13502
13509
13520
13522
13524
13548
13559
13563
13566
13569
13573
13578
13584
13594
13601
13602
13611
13622
13643
13647
13651
13652
13673
13692
13714
13721
13733
13750
13753
13766
13777
13784
13793
13805
13812
13821
13829
13832
13846
13862
13868
13869
13874
13886
13895
13899
13906
13924
13937
13961
13967
13968
13975
13983
13986
13991
13994
14006
14021
14026
14040
14044
14045
14052
14070
14074
14083
14084
14105
14109
14112
14113
14114
14118
14120
14124
14138
14146
14149
14150
14152
14153
14159
14166
14167
14179
14193
14194
14195
14202
14205
14213
14223
14224
14232
14242
14247
14252
14254
14257
14262
14269
14272
14299
14303
14310
14311
14323
14334
14349
14372
14384
14386
14396
14400
14420
14439
14442
14448
14449
14463
14465
14471
14472
14481
14499
14503
14511
14512
14519
14541
14552
14554
14568
14597
14614
14615
14616
14632
14635
14639
14644
14654
14658
14664
14668
14683
14697
14709
14711
14712
14724
14728
14731
14744
14752
14764
14767
14774
14777
14782
14790
14802
14806
14812
14813
14823
14827
14841
14850
14893
14902
14904
14915
14916
14924
14946
14949
14959
14975
14980
14981
14996
14997
15021
15023
15027
15042
15047
15051
15055
15068
15082
15090
15096
15097
15110
15111
15113
15114
15117
15139
15148
15152
15168
15180
15182
15189
15220
15225
15228
15230
15233
15236
15249
15262
15264
15266
15281
15291
15308
15318
15336
15356
15385
15395
15412
15420
15424
15427
15428
15431
15433
15442
15451
15453
15460
15476
15477
15479
15484
15487
15499
15509
15511
15512
15515
15521
15530
15539
15553
15555
15575
15580
15584
15598
15605
15609
15610
15614
15618
15619
15623
15628
15629
15651
15661
15666
15670
15672
15673
15686
15687
15701
15715
15722
15726
15728
15732
15737
15744
15772
15774
15788
15790
15797
15803
15806
15807
15812
15837
15844
15846
15865
15883
15885
15891
15892
15894
15899
15905
15909
15921
15929
15934
15954
15969
15970
15975
15981
15988
15998
15999
16006
16011
16026
16039
16059
16072
16074
16077
16083
16086
16087
16091
16094
16095
16108
16114
16115
16122
16131
16142
16151
16173
16180
16187
16190
16199
16205
16211
16224
16228
16230
16236
16238
16244
16245
16250
16252
16273
16282
16290
16316
16326
16331
16334
16346
16352
16357
16358
16373
16412
16414
16415
16428
16430
16435
16436
16445
16449
16455
16462
16466
16467
16476
16482
16485
16489
16496
16513
16520
16522
16527
16542
16560
16565
16569
16610
16621
16628
16635
16646
16648
16657
16668
16675
16682
16693
16695
16703
16713
16724
16725
16732
16737
16745
16754
16755
16768
16777
16779
16780
16801
16804
16819
16855
16862
16867
16868
16870
16883
16886
16896
16899
16912
16913
16917
16918
16932
16942
16959
16963
16970
16981
16983
16984
16987
16989
17013
17016
17022
17025
17041
17042
17046
17048
17070
17071
17077
17088
17096
17099
17106
17110
17111
17117
17118
17128
17131
17135
17154
17157
17166
17168
17173
17175
17176
17201
17204
17210
17217
17218
17273
17275
17279
17280
17282
17285
17287
17288
17303
17308
17309
17312
17326
17330
17346
17364
17378
17382
17398
17407
17412
17417
17418
17424
17431
17438
17477
17483
17492
17506
17507
17510
17512
17519
17521
17525
17526
17529
17532
17538
17547
17558
17560
17568
17571
17574
17586
17604
17616
17629
17630
17639
17654
17668
17689
17704
17712
17721
17736
17742
17747
17748
17756
17759
17762
17769
17775
17779
17782
17791
17811
17835
17838
17845
17848
17849
17860
17861
17887
17889
17896
17897
17919
17945
17958
17983
17994
17996
18016
18030
18033
18042
18044
18045
18053
18068
18088
18100
18101
18109
18132
18160
18170
18179
18189
18190
18209
18235
18245
18261
18273
18278
18280
18287
18313
18316
18317
18321
18326
18328
18335
18339
18355
18360
18383
18389
18394
18424
18430
18442
18443
18454
18459
18464
18479
18481
18497
18498
18518
18533
18534
18541
18554
18556
18586
18596
18600
18601
18604
18619
18625
18639
18669
18673
18680
18690
18691
18695
18701
18702
18721
18726
18732
18736
18751
18756
18767
18781
18792
18804
18808
18814
18826
18827
18834
18840
18856
18857
18859
18860
18864
18869
18887
18889
18891
18893
18894
18898
18900
18909
18925
18926
18933
18936
18941
18943
18945
18946
18947
18951
18964
18994
19000
19001
19012
19024
19034
19049
19069
19082
19112
19117
19131
19140
19146
19167
19178
19182
19183
19185
19192
19197
19198
19199
19205
19206
19209
19218
19219
19228
19238
19240
19248
19264
19284
19287
19290
19297
19312
19323
19331
19339
19345
19349
19373
19388
19392
19394
19395
19411
19420
19434
19440
19441
19442
19449
19455
19476
19479
19482
19491
19498
19505
19506
19527
19537
19545
19549
19577
19591
19606
19608
19612
19614
19615
19629
19634
19635
19636
19640
19644
19663
19666
19669
19678
19685
19695
19701
19703
19708
19718
19719
19721
19732
19747
19749
19751
19755
19776
19782
19783
19792
19794
19797
19802
19814
19817
19822
19823
19826
19827
19839
19859
19867
19868
19869
19877
19884
19891
19897
19899
19905
19921
19936
19943
19945
19954
19957
19961
19964
19975
19981
19991
19993
20002
20007
20030
20045
20057
20065
20078
20080
20082
20086
20090
20094
20095
20110
20114
20121
20129
20135
20147
20158
20159
20169
20176
20186
20194
20206
20218
20226
20254
20261
20269
20275
20280
20295
20306
20328
20342
20346
20348
20354
20363
20367
20368
20376
20379
20380
20382
20395
20400
20404
20415
20424
20425
20433
20444
20446
20449
20450
20453
20458
20461
20477
20484
20500
20502
20508
20515
20526
20540
20541
20542
20550
20562
20583
20603
20621
20647
20651
20656
20673
20675
20713
20714
20719
20727
20730
20732
20740
20742
20743
20748
20749
20750
20767
20768
20785
20790
20795
20796
20811
20815
20822
20823
20826
20830
20833
20853
20860
20866
20868
20869
20870
20875
20881
20883
20894
20899
20901
20904
20929
20933
20940
20949
20951
20961
20965
20970
20971
20977
20978
20986
20999
21003
21006
21015
21017
21022
21033
21052
21072
21080
21090
21102
21124
21129
21133
21135
21147
21168
21197
21203
21231
21233
21265
21266
21295
21312
21322
21342
21353
21358
21359
21362
21365
21373
21376
21377
21391
21399
21408
21409
21415
21422
21426
21431
21434
21457
21461
21464
21467
21478
21483
21500
21503
21521
21529
21531
21555
21569
21579
21585
21591
21592
21593
21606
21620
21622
21628
21629
21639
21651
21654
21658
21660
21675
21707
21710
21721
21724
21741
21743
21745
21748
21749
21754
21767
21768
21771
21774
21780
21798
21816
21821
21823
21824
21826
21828
21829
21841
21866
21868
21871
21889
21897
21919
21950
21952
21970
21974
21983
21992
21998
22007
22008
22010
22011
22019
22036
22044
22056
22057
22061
22074
22089
22093
22097
22108
22119
22125
22136
22140
22146
22154
22167
22174
22181
22184
22194
22197
22212
22220
22227
22228
22235
22238
22239
22243
22289
22295
22306
22309
22320
22322
22334
22340
22344
22345
22360
22363
22364
22378
22393
22395
22398
22407
22411
22424
22431
22433
22438
22441
22453
22463
22471
22478
22491
22497
22498
22500
22502
22518
22531
22533
22541
22560
22572
22574
22577
22618
22621
22622
22640
22646
22649
22655
22677
22680
22689
22704
22712
22718
22728
22732
22767
22769
22781
22782
22786
22792
22794
22796
22811
22843
22851
22860
22863
22867
22868
22873
22880
22887
22896
22900
22906
22907
22909
22911
22917
22926
22932
22935
22940
22950
22952
22963
22964
22965
22968
22976
22978
22987
22991
22994
23013
23030
23031
23032
23040
23047
23050
23053
23057
23072
23088
23091
23107
23109
23110
23135
23146
23153
23166
23169
23172
23183
23185
23198
23208
23215
23230
23244
23246
23250
23257
23263
23267
23290
23311
23313
23322
23329
23341
23345
23351
23354
23362
23364
23365
23372
23380
23381
23382
23388
23395
23407
23421
23431
23456
23478
23493
23505
23509
23529
23542
23544
23551
23555
23557
23559
23576
23586
23587
23591
23596
23604
23611
23637
23639
23645
23648
23667
23676
23685
23693
23716
23719
23730
23738
23748
23762
23767
23778
23791
23812
23821
23822
23825
23839
23846
23860
23864
23871
23872
23899
23904
23905
23908
23909
23915
23921
23929
23951
23957
23978
23979
23983
23985
23997
24006
24017
24019
24032
24037
24038
24044
24051
24054
24074
24100
24103
24117
24119
24129
24140
24145
24155
24158
24162
24163
24174
24181
24185
24190
24197
24211
24212
24252
24256
24273
24288
24303
24306
24308
24319
24328
24333
24344
24345
24351
24354
24362
24375
24377
24378
24389
24414
24421
24443
24445
24451
24458
24460
24463
24467
24490
24495
24508
24521
24529
24554
24560
24561
24563
24564
24593
24601
24604
24605
24616
24631
24666
24670
24672
24675
24679
24684
24689
24694
24700
24702
24731
24735
24742
24756
24759
24766
24785
24788
24791
24801
24803
24810
24812
24829
24831
24836
24854
24865
24866
24867
24883
24889
24891
24901
24907
24914
24916
24917
24936
24949
24952
24957
24980
24994
25001
